function drawplane
	x = [360, 365, 370, 375, 380, 385, 390, 395, 400, 405, 410, 415, 420, 425, 430, 435, 440, 445, 450, 455, 460, 465, 470, 475, 480, 485, 490, 495, 500]
	y = [360, 365, 370, 375, 380, 385, 390, 395, 400, 405, 410, 415, 420, 425, 430, 435, 440, 445, 450, 455, 460, 465, 470, 475, 480, 485, 490, 495, 500]
	z = zeros(29, 29)
	z(1, 1) = 0.0091638896003
	z(1, 2) = 0.0
	z(1, 3) = 0.0
	z(1, 4) = 0.263501119687
	z(1, 5) = 2.86308766623
	z(1, 6) = 3.43859731053
	z(1, 7) = 3.78987776263
	z(1, 8) = 15.1758403274
	z(1, 9) = 7.26905357083
	z(1, 10) = 7.77336668539
	z(1, 11) = 5.2437749425
	z(1, 12) = 11.2593708854
	z(1, 13) = 6.23662956444
	z(1, 14) = 4.36132731143
	z(1, 15) = 12.4771571137
	z(1, 16) = 10.2801631307
	z(1, 17) = 7.57271506401
	z(1, 18) = 8.88555515186
	z(1, 19) = 11.304725327
	z(1, 20) = 7.90160039302
	z(1, 21) = 7.5462255471
	z(1, 22) = 10.620918665
	z(1, 23) = 8.19995476592
	z(1, 24) = 11.5290967557
	z(1, 25) = 4.91448514841
	z(1, 26) = 8.79540042612
	z(1, 27) = 11.8607082609
	z(1, 28) = 10.6351082047
	z(1, 29) = 12.1564232551
	z(2, 1) = 4.11621988992
	z(2, 2) = 0.00929116584473
	z(2, 3) = 0.0
	z(2, 4) = 0.0
	z(2, 5) = 0.254597063901
	z(2, 6) = 1.24557878815
	z(2, 7) = 2.80245931778
	z(2, 8) = 6.51754265525
	z(2, 9) = 4.27258381633
	z(2, 10) = 12.7773358465
	z(2, 11) = 16.7536279229
	z(2, 12) = 8.59453689508
	z(2, 13) = 9.67047994948
	z(2, 14) = 7.4190538121
	z(2, 15) = 11.1154858763
	z(2, 16) = 8.44975904074
	z(2, 17) = 10.132417722
	z(2, 18) = 8.48026208505
	z(2, 19) = 10.9961348999
	z(2, 20) = 3.45173500012
	z(2, 21) = 9.05210451338
	z(2, 22) = 4.40842647836
	z(2, 23) = 12.0174853953
	z(2, 24) = 6.6372066322
	z(2, 25) = 8.7086953057
	z(2, 26) = 12.1742500066
	z(2, 27) = 10.8192475166
	z(2, 28) = 9.84437003746
	z(2, 29) = 9.05687858528
	z(3, 1) = 7.4777889848
	z(3, 2) = 0.841813979094
	z(3, 3) = 0.00924523707675
	z(3, 4) = 0.0
	z(3, 5) = 0.0
	z(3, 6) = 0.0554714056434
	z(3, 7) = 1.0625280887
	z(3, 8) = 1.83843772841
	z(3, 9) = 4.42955458897
	z(3, 10) = 4.97399212623
	z(3, 11) = 13.8577139291
	z(3, 12) = 10.9161947775
	z(3, 13) = 3.88810755797
	z(3, 14) = 8.56677443834
	z(3, 15) = 9.59755763859
	z(3, 16) = 5.3259302425
	z(3, 17) = 12.2053740684
	z(3, 18) = 5.59874190597
	z(3, 19) = 4.51527729622
	z(3, 20) = 12.4881116951
	z(3, 21) = 9.55470878002
	z(3, 22) = 4.29639915004
	z(3, 23) = 6.37266446565
	z(3, 24) = 11.4461848839
	z(3, 25) = 10.0263566108
	z(3, 26) = 11.1087726799
	z(3, 27) = 12.4041246005
	z(3, 28) = 6.10478063738
	z(3, 29) = 9.25488292655
	z(4, 1) = 9.88981180821
	z(4, 2) = 3.95208032292
	z(4, 3) = 0.0375786644885
	z(4, 4) = 0.00936269654359
	z(4, 5) = 0.0
	z(4, 6) = 0.0
	z(4, 7) = 0.0
	z(4, 8) = 0.813526634927
	z(4, 9) = 1.81135287205
	z(4, 10) = 4.14511524641
	z(4, 11) = 1.09688464282
	z(4, 12) = 9.89808399798
	z(4, 13) = 10.3357483869
	z(4, 14) = 12.6064723527
	z(4, 15) = 10.7179892435
	z(4, 16) = 10.4737464362
	z(4, 17) = 8.60081967729
	z(4, 18) = 13.5717384064
	z(4, 19) = 5.53477550616
	z(4, 20) = 9.03429708753
	z(4, 21) = 14.0393740262
	z(4, 22) = 13.9901890569
	z(4, 23) = 11.0501669988
	z(4, 24) = 13.5174332295
	z(4, 25) = 6.64393037258
	z(4, 26) = 12.7831999891
	z(4, 27) = 8.54694522977
	z(4, 28) = 8.15633555454
	z(4, 29) = 1.9065755632
	z(5, 1) = 10.9424313102
	z(5, 2) = 7.31092993789
	z(5, 3) = 2.0837941478
	z(5, 4) = 0.178962637139
	z(5, 5) = 0.00947619139695
	z(5, 6) = 0.0
	z(5, 7) = 0.0
	z(5, 8) = 0.0
	z(5, 9) = 0.72222355558
	z(5, 10) = 2.33567770506
	z(5, 11) = 1.73248050232
	z(5, 12) = 5.97355693826
	z(5, 13) = 10.8751607273
	z(5, 14) = 10.7392146662
	z(5, 15) = 12.1026477083
	z(5, 16) = 13.5864179501
	z(5, 17) = 8.28592267558
	z(5, 18) = 8.89803112357
	z(5, 19) = 8.21248622072
	z(5, 20) = 0.103537540672
	z(5, 21) = 10.5664399577
	z(5, 22) = 11.9034864256
	z(5, 23) = 10.1431210087
	z(5, 24) = 10.3928025354
	z(5, 25) = 11.3075113762
	z(5, 26) = 8.70303207926
	z(5, 27) = 7.70778108917
	z(5, 28) = 8.81389495656
	z(5, 29) = 9.79354354517
	z(6, 1) = 7.96731960568
	z(6, 2) = 8.1494073175
	z(6, 3) = 3.31354294063
	z(6, 4) = 0.285374027643
	z(6, 5) = 0.0248158423723
	z(6, 6) = 0.0096150534924
	z(6, 7) = 0.0
	z(6, 8) = 0.0
	z(6, 9) = 0.0
	z(6, 10) = 1.91620112269
	z(6, 11) = 0.842257322601
	z(6, 12) = 2.89466809692
	z(6, 13) = 4.40322564869
	z(6, 14) = 9.4772011105
	z(6, 15) = 10.2884203078
	z(6, 16) = 12.1900770219
	z(6, 17) = 7.42255504354
	z(6, 18) = 9.27064061911
	z(6, 19) = 6.95368935616
	z(6, 20) = 8.38416660504
	z(6, 21) = 8.64833701142
	z(6, 22) = 9.5738742703
	z(6, 23) = 6.27754694909
	z(6, 24) = 11.0389493868
	z(6, 25) = 13.1847684154
	z(6, 26) = 10.1675083767
	z(6, 27) = 10.8924342432
	z(6, 28) = 8.9992461369
	z(6, 29) = 8.82957049241
	z(7, 1) = 0.016394943009
	z(7, 2) = 9.03215878684
	z(7, 3) = 5.37816741819
	z(7, 4) = 2.68293356645
	z(7, 5) = 3.11975959505
	z(7, 6) = 0.0248092872001
	z(7, 7) = 0.00975120875505
	z(7, 8) = 0.0
	z(7, 9) = 0.0
	z(7, 10) = 0.0
	z(7, 11) = 1.77218434645
	z(7, 12) = 1.73341210871
	z(7, 13) = 1.22239166885
	z(7, 14) = 1.86366682684
	z(7, 15) = 4.64982626459
	z(7, 16) = 8.59890784096
	z(7, 17) = 8.60077451566
	z(7, 18) = 10.1030732998
	z(7, 19) = 7.60418210252
	z(7, 20) = 6.53335406491
	z(7, 21) = 7.77304277659
	z(7, 22) = 7.34020199898
	z(7, 23) = 9.81349236957
	z(7, 24) = 7.67531446437
	z(7, 25) = 14.5007132028
	z(7, 26) = 13.7126659461
	z(7, 27) = 10.2869928172
	z(7, 28) = 7.87167090425
	z(7, 29) = 6.7085991029
	z(8, 1) = 2.97138710794
	z(8, 2) = 0.190063123721
	z(8, 3) = 7.53544753535
	z(8, 4) = 5.11995687483
	z(8, 5) = 0.95336651655
	z(8, 6) = 0.517796036704
	z(8, 7) = 0.0250273372201
	z(8, 8) = 0.00985339249607
	z(8, 9) = 0.0
	z(8, 10) = 0.0
	z(8, 11) = 0.0
	z(8, 12) = 0.605404221798
	z(8, 13) = 1.72205548331
	z(8, 14) = 1.09329039871
	z(8, 15) = 3.25732276176
	z(8, 16) = 3.82847959534
	z(8, 17) = 5.15877882959
	z(8, 18) = 8.06649125139
	z(8, 19) = 5.69259773274
	z(8, 20) = 10.1534415253
	z(8, 21) = 9.47659982898
	z(8, 22) = 7.01819076132
	z(8, 23) = 5.30429610017
	z(8, 24) = 4.29645329943
	z(8, 25) = 10.026459745
	z(8, 26) = 11.0842702799
	z(8, 27) = 11.5602345915
	z(8, 28) = 14.8062549623
	z(8, 29) = 9.95279058116
	z(9, 1) = 3.54851658988
	z(9, 2) = 1.32217158432
	z(9, 3) = 0.1840891928
	z(9, 4) = 7.63658403403
	z(9, 5) = 5.20249481223
	z(9, 6) = 1.80163335125
	z(9, 7) = 0.041950811704
	z(9, 8) = 0.025207181833
	z(9, 9) = 0.00998289380076
	z(9, 10) = 0.0
	z(9, 11) = 0.0
	z(9, 12) = 0.0
	z(9, 13) = 1.40019364223
	z(9, 14) = 1.56118674866
	z(9, 15) = 0.940599407948
	z(9, 16) = 2.61005631063
	z(9, 17) = 2.68833175886
	z(9, 18) = 7.05440808243
	z(9, 19) = 10.7313294754
	z(9, 20) = 6.64900277554
	z(9, 21) = 8.2845768932
	z(9, 22) = 8.15610981192
	z(9, 23) = 7.82588998584
	z(9, 24) = 11.6543532635
	z(9, 25) = 8.73365316015
	z(9, 26) = 11.3381397161
	z(9, 27) = 6.62221233171
	z(9, 28) = 7.2654972491
	z(9, 29) = 21.6073055473
	z(10, 1) = 5.01628651478
	z(10, 2) = 5.7860774668
	z(10, 3) = 1.6446733813
	z(10, 4) = 4.27396810617
	z(10, 5) = 7.98596693266
	z(10, 6) = 5.275145147
	z(10, 7) = 2.92481769475
	z(10, 8) = 0.0419587711024
	z(10, 9) = 0.0251714993854
	z(10, 10) = 0.0101092925042
	z(10, 11) = 0.0
	z(10, 12) = 0.0
	z(10, 13) = 0.0
	z(10, 14) = 1.12563996846
	z(10, 15) = 1.18064015653
	z(10, 16) = 2.22207137022
	z(10, 17) = 2.31486140452
	z(10, 18) = 1.86876681241
	z(10, 19) = 4.94257061469
	z(10, 20) = 4.82893412286
	z(10, 21) = 8.28423085043
	z(10, 22) = 5.46919054134
	z(10, 23) = 5.07385660744
	z(10, 24) = 11.1369662695
	z(10, 25) = 8.75433524027
	z(10, 26) = 7.27272724128
	z(10, 27) = 5.52966785005
	z(10, 28) = 11.4225844314
	z(10, 29) = 10.4165531809
	z(11, 1) = 10.9107524641
	z(11, 2) = 10.8359422943
	z(11, 3) = 2.33160414136
	z(11, 4) = 5.78341081288
